2
4
5
7
9
10
12
13
14
16
18
20
22
23
28
29
35
36
38
39
43
45
47
48
49
51
52
55
57
58
62
63
66
69
70
73
74
76
78
81
82
84
86
91
95
102
105
106
119
122
123
126
127
129
132
135
139
141
142
143
145
146
150
152
155
156
158
160
163
168
169
170
171
182
185
188
189
190
194
199
200
204
206
207
208
209
210
214
215
218
220
221
223
225
228
233
236
238
239
240
242
243
244
246
247
254
256
257
258
261
263
264
267
270
271
272
275
281
282
284
285
286
289
294
296
298
301
302
305
307
310
312
313
317
323
324
326
329
331
334
336
337
339
340
341
342
344
347
350
351
353
358
359
361
363
366
368
369
372
373
374
375
376
379
380
381
383
386
387
388
389
393
396
399
400
401
402
405
407
409
411
414
416
417
422
424
425
427
430
432
433
439
440
442
446
447
448
451
453
458
464
465
466
467
470
476
480
482
484
487
488
489
490
491
496
497
504
505
507
511
516
527
529
530
533
534
535
538
539
540
543
545
546
547
549
550
551
552
555
556
558
559
560
564
565
567
569
570
573
575
576
577
580
582
588
594
598
602
605
606
613
615
618
619
620
632
637
640
641
647
649
650
655
657
658
659
661
667
669
670
671
673
677
681
684
685
687
690
691
692
696
697
698
700
704
706
707
709
714
715
717
719
720
722
723
725
727
728
730
738
741
742
743
745
747
748
749
750
751
752
753
755
757
758
759
760
763
769
775
783
788
791
795
798
799
800
801
805
809
812
815
820
823
824
827
829
830
832
836
839
845
846
847
848
851
852
854
855
856
861
863
864
865
866
868
872
876
877
878
885
886
887
888
893
894
895
896
898
903
904
908
910
912
917
920
926
930
931
932
934
938
939
942
943
944
946
952
953
956
960
964
966
968
970
976
978
980
981
986
992
994
995
996
998
999
1000
1003
1006
1011
1018
1020
1027
1028
1029
1035
1036
1039
1040
1041
1042
1043
1045
1051
1052
1054
1055
1060
1064
1067
1069
1075
1076
1077
1080
1081
1085
1086
1087
1088
1089
1090
1092
1094
1098
1101
1103
1106
1107
1108
1109
1114
1115
1118
1119
1120
1123
1124
1126
1127
1128
1130
1133
1136
1147
1148
1149
1152
1154
1155
1156
1161
1163
1164
1165
1166
1167
1169
1170
1172
1175
1176
1178
1179
1180
1181
1182
1187
1190
1191
1193
1194
1195
1201
1203
1210
1212
1213
1216
1218
1224
1225
1227
1229
1230
1233
1236
1238
1240
1241
1242
1243
1244
1246
1258
1263
1265
1270
1271
1274
1277
1279
1283
1289
1290
1293
1295
1301
1302
1305
1306
1307
1308
1314
1319
1320
1321
1329
1332
1333
1335
1336
1337
1338
1339
1343
1344
1346
1347
1349
1350
1351
1352
1353
1365
1366
1367
1369
1372
1378
1380
1381
1389
1391
1393
1394
1395
1397
1398
1400
1401
1405
1408
1410
1411
1414
1416
1420
1423
1426
1427
1430
1438
1439
1443
1448
1450
1457
1458
1462
1463
1465
1466
1467
1469
1473
1476
1477
1478
1481
1483
1484
1485
1489
1494
1499
1500
1503
1504
1505
1506
1507
1509
1511
1513
1515
1521
1523
1527
1528
1529
1531
1532
1533
1536
1538
1540
1541
1544
1545
1546
1548
1549
1550
1551
1552
1554
1559
1569
1574
1576
1577
1578
1581
1582
1588
1590
1591
1592
1593
1594
1595
1598
1603
1604
1609
1611
1619
1624
1626
1628
1629
1632
1636
1637
1645
1646
1647
1651
1653
1656
1658
1659
1660
1663
1664
1666
1667
1669
1672
1674
1679
1680
1681
1683
1684
1688
1689
1691
1693
1695
1696
1699
1701
1704
1707
1711
1713
1720
1724
1725
1726
1734
1735
1737
1738
1739
1743
1744
1745
1746
1747
1748
1749
1750
1751
1753
1759
1761
1763
1765
1766
1767
1771
1776
1778
1780
1784
1785
1786
1790
1792
1796
1800
1802
1804
1805
1808
1812
1814
1818
1820
1822
1824
1825
1826
1828
1829
1833
1837
1838
1840
1841
1842
1845
1850
1853
1860
1862
1863
1864
1866
1869
1872
1874
1875
1876
1877
1879
1885
1887
1890
1894
1895
1896
1897
1902
1904
1908
1912
1915
1917
1918
1923
1925
1926
1927
1930
1932
1933
1935
1936
1938
1940
1943
1944
1945
1946
1951
1954
1955
1956
1958
1961
1963
1967
1968
1975
1977
1978
1979
1981
1984
1985
1986
1991
1992
1995
